ES	RECENT_NR	PP(W)	PP(R)	PP(N1)	PP(N2)	PP(N3)	NE
.	5	0.348134	0.128192	0.0435244	0.352019	0.12813	3629988
0	0	0.898369	0.000993791	0.0238525	0.0699748	0.00680969	674186
0	10	0.258745	0.00494059	0.0273551	0.411751	0.297208	65984
20	0	0.388746	0.0338575	0.107296	0.442769	0.027332	18696
20	10	0.21113	0.0395453	0.0403505	0.424959	0.284016	21115
20	20	0.162074	0.0133388	0.0190666	0.289436	0.516085	63724
20	30	0.143852	0.0136469	0.0214702	0.264674	0.556356	45505
40	0	0.349852	0.106966	0.106472	0.424239	0.0124712	18202
40	10	0.255494	0.0894877	0.0425103	0.474746	0.137762	13879
40	20	0.19261	0.109226	0.0336316	0.350586	0.313946	12964
40	30	0.156704	0.128585	0.0303081	0.317281	0.367121	17817
40	40	0.111801	0.0781536	0.0255072	0.305502	0.479036	49633
40	50	0.130842	0.0580307	0.0263501	0.348911	0.435866	33017
60	0	0.257202	0.153818	0.109146	0.470316	0.00951791	27422
60	10	0.154652	0.138721	0.0411316	0.549794	0.115701	16508
60	20	0.130839	0.156086	0.0314199	0.425228	0.256427	10853
60	30	0.155115	0.165613	0.0342796	0.343332	0.30166	9335
60	40	0.150791	0.285296	0.0313844	0.271937	0.260591	10929
60	50	0.129381	0.329934	0.0344385	0.307448	0.198798	14809
60	60	0.0898509	0.136099	0.0280726	0.412779	0.333198	32131
80	0	0.258146	0.158859	0.0922173	0.481792	0.00898608	31827
80	10	0.137771	0.0852869	0.0366515	0.584456	0.155834	22864
80	20	0.128562	0.0747884	0.0265991	0.44234	0.32771	17369
80	30	0.155375	0.118648	0.0258143	0.37785	0.322313	12280
80	40	0.158775	0.172542	0.0284354	0.353963	0.286284	7772
80	50	0.135719	0.282787	0.0321564	0.335435	0.213903	6344
80	60	0.110645	0.326729	0.0313969	0.347381	0.183848	5956
100	0	0.240924	0.155781	0.101912	0.489939	0.0114446	23854
100	10	0.133628	0.0538782	0.034253	0.630557	0.147683	19210
100	20	0.101699	0.0634771	0.0263007	0.45668	0.351843	19125
100	30	0.0972994	0.0803659	0.0281498	0.385332	0.408853	18366
100	40	0.0987771	0.102417	0.02817	0.417528	0.353108	13738
100	50	0.229467	0.156273	0.0287096	0.347776	0.237775	9509
100	60	0.0982249	0.210888	0.043787	0.443314	0.203787	4225
120	0	0.24916	0.155327	0.108139	0.477836	0.00953765	22018
120	10	0.139906	0.0769698	0.0445295	0.61752	0.121074	16461
120	20	0.1497	0.0597156	0.0278673	0.473555	0.289163	15825
120	30	0.132746	0.0724725	0.0240971	0.410074	0.360611	16558
120	40	0.0877874	0.119517	0.0306376	0.400534	0.361524	16483
120	50	0.102194	0.163348	0.0314546	0.426257	0.276747	14815
120	60	0.149401	0.190026	0.0295551	0.422303	0.208714	9846
140	0	0.256652	0.185309	0.106467	0.446182	0.00538931	26534
140	10	0.177224	0.0825051	0.03772	0.619088	0.0834631	16702
140	20	0.0839808	0.0711802	0.0312986	0.539771	0.27377	13515
140	30	0.115943	0.0802395	0.033009	0.432036	0.338772	13360
140	40	0.131283	0.1396	0.0339858	0.407184	0.287947	13947
140	50	0.175362	0.16225	0.0305728	0.375845	0.25597	14490
140	60	0.138448	0.24177	0.0298791	0.37041	0.219494	13153
160	0	0.266405	0.194335	0.0962417	0.438388	0.00463007	31317
160	10	0.154967	0.0776639	0.0437246	0.670701	0.0529433	19417
160	20	0.142305	0.0600773	0.0296201	0.576175	0.191822	15530
160	30	0.202989	0.0994188	0.0297496	0.420161	0.247682	14454
160	40	0.112133	0.154358	0.0317917	0.432022	0.269695	12173
160	50	0.142522	0.191853	0.0332639	0.407417	0.224944	11514
160	60	0.10429	0.236276	0.0289971	0.446955	0.183482	10001
180	0	0.251051	0.185485	0.109182	0.451383	0.0028992	31388
180	10	0.126188	0.0675225	0.0434891	0.708165	0.054635	20097
180	20	0.0963032	0.0648251	0.0324709	0.614729	0.191672	17123
180	30	0.125473	0.106928	0.0286547	0.480556	0.258389	16123
180	40	0.188458	0.119631	0.0294353	0.433244	0.229232	13759
180	50	0.132979	0.224676	0.0369956	0.418134	0.187215	10731
180	60	0.105675	0.27544	0.0315558	0.42319	0.164139	8176
200	0	0.282164	0.204215	0.107424	0.40368	0.00251651	31790
200	10	0.179942	0.0717664	0.0484973	0.653638	0.0461561	20929
200	20	0.197379	0.0669425	0.0312792	0.544062	0.160337	20301
200	30	0.107426	0.0966891	0.0296305	0.509837	0.256418	16672
200	40	0.129418	0.121534	0.0313356	0.464756	0.252957	14967
200	50	0.174295	0.175473	0.038078	0.410222	0.201931	12737
200	60	0.118244	0.237833	0.0374175	0.459403	0.147102	8178
220	0	0.318998	0.213572	0.107648	0.357268	0.00251433	34204
220	10	0.172561	0.0742107	0.0473831	0.661835	0.0440099	18973
220	20	0.212069	0.068211	0.0331693	0.552375	0.134175	18692
220	30	0.118511	0.128308	0.0326743	0.495908	0.224598	16741
220	40	0.120989	0.141563	0.0375259	0.464997	0.234925	15456
220	50	0.139859	0.227431	0.0300918	0.410756	0.191862	14057
220	60	0.213385	0.256811	0.03209	0.362406	0.135308	10938
240	0	0.375055	0.174307	0.102206	0.345208	0.00322456	38765
240	10	0.255249	0.08278	0.0430276	0.586369	0.0325736	22288
240	20	0.135851	0.0927835	0.0281218	0.60111	0.142134	16393
240	30	0.17294	0.105696	0.0294778	0.47987	0.212015	16046
240	40	0.168553	0.15103	0.0325242	0.437611	0.210282	14666
240	50	0.229715	0.213633	0.0326274	0.377763	0.146261	15110
240	60	0.133587	0.304746	0.0375715	0.405391	0.118704	11019
260	0	0.337251	0.214349	0.105301	0.342276	0.000823326	35223
260	10	0.166953	0.103738	0.0499042	0.649	0.0304042	20359
260	20	0.185805	0.0736726	0.0314718	0.582779	0.126272	18175
260	30	0.216282	0.0796379	0.0277693	0.490122	0.186189	16349
260	40	0.167832	0.167969	0.0285891	0.448649	0.18696	14586
260	50	0.140357	0.231258	0.030961	0.423547	0.173877	12112
260	60	0.197173	0.308898	0.0315332	0.364987	0.0974085	11036
280	0	0.37955	0.213117	0.105454	0.300425	0.0014538	37144
280	10	0.29323	0.0846531	0.0465407	0.550801	0.0247754	21594
280	20	0.199526	0.0863534	0.0351425	0.579677	0.0993006	17301
280	30	0.212647	0.120286	0.0327889	0.478861	0.155417	16652
280	40	0.21929	0.177366	0.0324412	0.421361	0.149541	16029
280	50	0.191198	0.219472	0.0353221	0.419849	0.134158	12202
280	60	0.176836	0.320609	0.0309588	0.374311	0.0972848	9981
300	0	0.4126	0.208079	0.0987648	0.278729	0.00182717	41047
300	10	0.275755	0.08428	0.0465579	0.572191	0.0212157	20598
300	20	0.19312	0.0865798	0.0342083	0.581734	0.104358	15581
300	30	0.207936	0.122761	0.0323802	0.473332	0.163591	14793
300	40	0.232558	0.198343	0.028602	0.392475	0.148022	14964
300	50	0.193112	0.222348	0.0333998	0.40236	0.148781	11527
300	60	0.292419	0.262805	0.032222	0.316726	0.0958279	10738
320	0	0.447374	0.207628	0.086698	0.257145	0.00115499	40693
320	10	0.310998	0.0743173	0.0487987	0.546535	0.0193503	20103
320	20	0.262854	0.0698918	0.03683	0.538896	0.0915279	16454
320	30	0.161987	0.15509	0.0392252	0.499895	0.143803	14353
320	40	0.283855	0.196096	0.0338024	0.35839	0.127855	14141
320	50	0.257809	0.241066	0.0346566	0.365109	0.101359	11109
320	60	0.159155	0.348271	0.0402049	0.366197	0.0861716	7810
340	0	0.45951	0.189574	0.0936138	0.256246	0.00105706	38787
340	10	0.324055	0.0836099	0.0453378	0.531849	0.0151483	18682
340	20	0.271454	0.0685297	0.0358705	0.541883	0.0822629	14636
340	30	0.207938	0.157261	0.0337095	0.464086	0.137006	13379
340	40	0.252923	0.199544	0.0370539	0.388686	0.121792	13170
340	50	0.202156	0.283226	0.0352478	0.359527	0.119842	9646
340	60	0.22614	0.365239	0.0400224	0.310104	0.0584943	7146
360	0	0.450345	0.198429	0.0929934	0.257848	0.0003848	31185
360	10	0.329661	0.0924763	0.0469802	0.512444	0.0184382	17518
360	20	0.431602	0.0524702	0.0243419	0.425592	0.0659935	16638
360	30	0.284911	0.139263	0.0326872	0.41908	0.124059	13155
360	40	0.23779	0.194058	0.0427112	0.408635	0.116806	10770
360	50	0.254014	0.278788	0.0362573	0.350133	0.0808081	9405
360	60	0.176453	0.409064	0.032972	0.312105	0.0694068	6642
380	0	0.510227	0.171836	0.0835064	0.233832	0.000598486	28405
380	10	0.329548	0.0855043	0.0481704	0.51978	0.016997	13473
380	20	0.297714	0.0678905	0.0274506	0.530655	0.0762903	11548
380	30	0.292906	0.117673	0.0283401	0.442176	0.118905	11362
380	40	0.328071	0.184511	0.0299006	0.350358	0.107159	10769
380	50	0.382581	0.233683	0.0359916	0.285414	0.0623295	9530
380	60	0.2886	0.364704	0.025368	0.283902	0.0374256	6386
